,loss,accuracy,val_loss,val_accuracy
0,1.6511733531951904,0.49213483929634094,0.6894782185554504,0.5604395866394043
1,0.6947202086448669,0.5202246904373169,0.6865804195404053,0.5604395866394043
2,0.6934691071510315,0.5213482975959778,0.6916871070861816,0.5604395866394043
3,0.6929848790168762,0.516853928565979,0.6899394989013672,0.5604395866394043
4,0.6929113268852234,0.5213482975959778,0.6888250708580017,0.5604395866394043
5,0.6930193901062012,0.5213482975959778,0.6910666227340698,0.5604395866394043
6,0.6928091645240784,0.5213482975959778,0.6902165412902832,0.5604395866394043
7,0.6929099559783936,0.5224719047546387,0.6899466514587402,0.5604395866394043
8,0.692855179309845,0.5235955119132996,0.6899524927139282,0.5604395866394043
9,0.6926082372665405,0.5213482975959778,0.689403772354126,0.5604395866394043
10,0.6925463676452637,0.5213482975959778,0.6894835829734802,0.5604395866394043
11,0.6924890875816345,0.5213482975959778,0.6897526979446411,0.5604395866394043
12,0.6924251317977905,0.5213482975959778,0.6893289685249329,0.5604395866394043
13,0.6924214363098145,0.5235955119132996,0.688834011554718,0.5604395866394043
14,0.6927712559700012,0.5213482975959778,0.6892567873001099,0.5604395866394043
15,0.6923724412918091,0.5213482975959778,0.6885913014411926,0.5604395866394043
16,0.692414402961731,0.5213482975959778,0.6891944408416748,0.5604395866394043
17,0.6925140619277954,0.5202246904373169,0.6894402503967285,0.5604395866394043
18,0.6925749182701111,0.5202246904373169,0.6881632208824158,0.5604395866394043
19,0.6924625635147095,0.5213482975959778,0.6883537769317627,0.5604395866394043
20,0.6938859224319458,0.516853928565979,0.6892209053039551,0.5604395866394043
21,0.6924225091934204,0.5213482975959778,0.6891618967056274,0.5604395866394043
22,0.6923512816429138,0.5213482975959778,0.6890785694122314,0.5604395866394043
23,0.6922659277915955,0.5213482975959778,0.687344491481781,0.5604395866394043
24,0.692779541015625,0.5213482975959778,0.6885369420051575,0.5604395866394043
25,0.6923635601997375,0.5202246904373169,0.6888857483863831,0.5604395866394043
26,0.6925624012947083,0.5191011428833008,0.6894739866256714,0.5604395866394043
27,0.6928917169570923,0.516853928565979,0.6902654767036438,0.5604395866394043
28,0.6923131942749023,0.516853928565979,0.6870619654655457,0.5604395866394043
29,0.6917363405227661,0.531460702419281,0.6937912106513977,0.47252747416496277
30,0.6929088234901428,0.5033707618713379,0.6873030066490173,0.5604395866394043
31,0.692747950553894,0.5213482975959778,0.6881077885627747,0.5604395866394043
32,0.6923210620880127,0.5213482975959778,0.6888523101806641,0.5604395866394043
33,0.6924653649330139,0.5213482975959778,0.6892372965812683,0.5604395866394043
34,0.6924147605895996,0.5123595595359802,0.6889263391494751,0.5604395866394043
35,0.6923723816871643,0.5146067142486572,0.6912605166435242,0.5714285969734192
36,0.692289412021637,0.5123595595359802,0.6886768341064453,0.5494505763053894
37,0.6911294460296631,0.5359550714492798,0.6847705245018005,0.5604395866394043
38,0.6930538415908813,0.5258427262306213,0.6892918348312378,0.5604395866394043
39,0.6930959820747375,0.5202246904373169,0.6884490847587585,0.593406617641449
40,0.6879979372024536,0.5415730476379395,0.7390593886375427,0.4395604431629181
41,0.6910545825958252,0.5157303214073181,0.6881844401359558,0.5274725556373596
42,0.6891834139823914,0.5393258333206177,0.690213143825531,0.593406617641449
43,0.6887613534927368,0.5325842499732971,0.6961794495582581,0.5164835453033447
44,0.6913034915924072,0.5247191190719604,0.6826546788215637,0.5494505763053894
45,0.6871960759162903,0.5415730476379395,0.6721366047859192,0.6043956279754639
46,0.6871766448020935,0.5550561547279358,0.6653680205345154,0.6043956279754639
47,0.6843289732933044,0.5449438095092773,0.6822929382324219,0.6483516693115234
48,0.6810385584831238,0.5898876190185547,0.7062642574310303,0.4615384638309479
49,0.6959446668624878,0.5494381785392761,0.6854298114776611,0.5604395866394043
