,loss,accuracy,val_loss,val_accuracy
0,0.7904398441314697,0.7091953754425049,0.49811917543411255,0.8100000023841858
1,0.6010293364524841,0.7183908224105835,0.5056336522102356,0.8100000023841858
2,0.5720632076263428,0.7321839332580566,0.4658396542072296,0.8100000023841858
3,0.5585474967956543,0.7356321811676025,0.4464292824268341,0.8100000023841858
4,0.5562533736228943,0.7241379022598267,0.4577116370201111,0.8100000023841858
5,0.547430694103241,0.7321839332580566,0.45691847801208496,0.8100000023841858
6,0.5422815680503845,0.7206896543502808,0.4767776131629944,0.8100000023841858
7,0.5308167338371277,0.7275862097740173,0.47143423557281494,0.8100000023841858
8,0.5299071073532104,0.728735625743866,0.482523649930954,0.8100000023841858
9,0.5128517746925354,0.748275876045227,0.4542185068130493,0.800000011920929
10,0.5143610239028931,0.7551724314689636,0.46253350377082825,0.7799999713897705
11,0.48276787996292114,0.7528735399246216,0.46089985966682434,0.8100000023841858
12,0.4970519244670868,0.748275876045227,0.5050527453422546,0.8100000023841858
13,0.4820929765701294,0.7689655423164368,0.7267325520515442,0.5699999928474426
14,0.47383931279182434,0.7655172348022461,0.6165746450424194,0.699999988079071
15,0.4529237151145935,0.7793103456497192,0.529308021068573,0.7699999809265137
16,0.4424905776977539,0.7735632061958313,0.7260996103286743,0.6000000238418579
17,0.4197068214416504,0.800000011920929,0.4956064224243164,0.8299999833106995
18,0.4306514263153076,0.7816091775894165,0.5696021914482117,0.800000011920929
19,0.41360390186309814,0.8068965673446655,0.5482608675956726,0.8399999737739563
20,0.42473477125167847,0.8137931227684021,0.5142941474914551,0.800000011920929
21,0.4080291986465454,0.7977011203765869,0.4594838321208954,0.7799999713897705
22,0.3821074962615967,0.817241370677948,0.6759981513023376,0.6399999856948853
23,0.4351804554462433,0.8137931227684021,0.5122556686401367,0.8199999928474426
24,0.3502081632614136,0.8310344815254211,0.7173376679420471,0.6499999761581421
25,0.3688926696777344,0.8298850655555725,0.5646250247955322,0.800000011920929
26,0.3392121493816376,0.8448275923728943,0.5896803736686707,0.6899999976158142
27,0.29420262575149536,0.8666666746139526,0.6440046429634094,0.8100000023841858
28,0.33315661549568176,0.840229868888855,0.5659262537956238,0.75
29,0.37537485361099243,0.8241379261016846,0.58946692943573,0.75
30,0.3201063573360443,0.8540229797363281,0.5978496074676514,0.8199999928474426
31,0.25732073187828064,0.8816092014312744,0.8047430515289307,0.7599999904632568
32,0.30571383237838745,0.8574712872505188,0.6751362681388855,0.7799999713897705
33,0.24703718721866608,0.8965517282485962,0.6915245056152344,0.7699999809265137
34,0.24843372404575348,0.8977011442184448,0.7067359685897827,0.7300000190734863
35,0.2636474668979645,0.8839080333709717,0.5954211950302124,0.8299999833106995
36,0.2810388505458832,0.882758617401123,0.7565097212791443,0.6700000166893005
37,0.23528724908828735,0.9011494517326355,0.6105335354804993,0.800000011920929
38,0.24849463999271393,0.8919540047645569,0.5808533430099487,0.699999988079071
39,0.1941312551498413,0.9218390583992004,0.7092893719673157,0.7300000190734863
40,0.17225514352321625,0.9229885339736938,0.6754586696624756,0.8299999833106995
41,0.2510731518268585,0.888505756855011,0.9358798265457153,0.7900000214576721
42,0.17122113704681396,0.9298850297927856,0.7322518825531006,0.7699999809265137
43,0.22194531559944153,0.8999999761581421,0.7733875513076782,0.699999988079071
44,0.2041233330965042,0.9241379499435425,0.7109549045562744,0.6800000071525574
45,0.17499887943267822,0.934482753276825,0.8499374985694885,0.6899999976158142
46,0.2406950294971466,0.8999999761581421,0.5973851084709167,0.7699999809265137
47,0.1504431515932083,0.9390804767608643,0.8464391827583313,0.800000011920929
48,0.19374826550483704,0.9206896424293518,0.8932509422302246,0.800000011920929
49,0.24430453777313232,0.8862069249153137,0.6757020354270935,0.7900000214576721
