,loss,accuracy,val_loss,val_accuracy
0,0.5965397357940674,0.7149425148963928,0.539006233215332,0.7900000214576721
1,0.5920196175575256,0.7275862097740173,0.5717219114303589,0.800000011920929
2,0.581857442855835,0.7298850417137146,0.5286484360694885,0.8100000023841858
3,0.5721122026443481,0.7183908224105835,0.45721152424812317,0.8100000023841858
4,0.5637959241867065,0.7264367938041687,0.49338656663894653,0.8100000023841858
5,0.5579927563667297,0.7344827651977539,0.47472670674324036,0.8100000023841858
6,0.5541925430297852,0.7275862097740173,0.5761004686355591,0.8100000023841858
7,0.5499284863471985,0.7298850417137146,0.5118375420570374,0.8100000023841858
8,0.551278293132782,0.7356321811676025,0.47397223114967346,0.8100000023841858
9,0.547888994216919,0.7298850417137146,0.5790279507637024,0.8100000023841858
10,0.5475765466690063,0.7413793206214905,0.4932652711868286,0.800000011920929
11,0.5342413187026978,0.7413793206214905,0.44543853402137756,0.8299999833106995
12,0.5558387637138367,0.7310344576835632,0.47956928610801697,0.8100000023841858
13,0.5425682067871094,0.7344827651977539,0.4721360504627228,0.8100000023841858
14,0.5288445353507996,0.7379310131072998,0.5420843362808228,0.8199999928474426
15,0.5253721475601196,0.7436781525611877,0.5471497178077698,0.7400000095367432
16,0.5355454087257385,0.7344827651977539,0.5047315359115601,0.8100000023841858
17,0.5386483669281006,0.7195402383804321,0.4610236883163452,0.8100000023841858
18,0.5322341322898865,0.722988486289978,0.47251197695732117,0.8100000023841858
19,0.5236883163452148,0.7379310131072998,0.4966445565223694,0.7900000214576721
20,0.5230194330215454,0.7344827651977539,0.538536012172699,0.75
21,0.515129566192627,0.7471264600753784,0.5406811237335205,0.6700000166893005
22,0.510689377784729,0.754023015499115,0.5364161729812622,0.75
23,0.4992242455482483,0.754023015499115,0.5837231874465942,0.6800000071525574
24,0.5016992092132568,0.7609195113182068,0.49938660860061646,0.8399999737739563
25,0.5088294744491577,0.7528735399246216,0.576621413230896,0.7900000214576721
26,0.4962063729763031,0.754023015499115,0.5217481851577759,0.7799999713897705
27,0.48863980174064636,0.7597700953483582,0.5205605030059814,0.8100000023841858
28,0.5076766014099121,0.7505747079849243,0.5184643268585205,0.8199999928474426
29,0.4758806824684143,0.7597700953483582,0.506756067276001,0.8299999833106995
30,0.46715766191482544,0.7827585935592651,0.5453307628631592,0.7699999809265137
31,0.4827393889427185,0.7678160667419434,0.5820677280426025,0.7099999785423279
32,0.4742269217967987,0.7724137902259827,0.5133655071258545,0.7699999809265137
33,0.46290335059165955,0.7873563170433044,0.5507989525794983,0.6800000071525574
34,0.4388411045074463,0.7827585935592651,0.5585384368896484,0.699999988079071
35,0.4423757493495941,0.7919540405273438,0.572609007358551,0.7799999713897705
36,0.45143768191337585,0.7839080691337585,0.5592717528343201,0.7400000095367432
37,0.4405079483985901,0.794252872467041,0.5598016977310181,0.800000011920929
38,0.42619866132736206,0.8068965673446655,0.6224144697189331,0.7300000190734863
39,0.43495869636535645,0.7954022884368896,0.5796656608581543,0.7300000190734863
40,0.4277898073196411,0.8022988438606262,0.6916571259498596,0.5199999809265137
41,0.4213707149028778,0.7873563170433044,0.5896404385566711,0.7200000286102295
42,0.39263612031936646,0.8068965673446655,0.6536930799484253,0.7200000286102295
43,0.43128201365470886,0.8091953992843628,0.5769977569580078,0.7699999809265137
44,0.3913727402687073,0.8252873420715332,0.5423668622970581,0.7699999809265137
45,0.3780459761619568,0.8206896781921387,0.6585144996643066,0.6800000071525574
46,0.37403935194015503,0.8413792848587036,0.5189651250839233,0.8100000023841858
47,0.4017351269721985,0.8160919547080994,0.6790747046470642,0.75
48,0.36055654287338257,0.8310344815254211,0.6280677318572998,0.7900000214576721
49,0.33556804060935974,0.8321838974952698,0.7264362573623657,0.6899999976158142
