,loss,accuracy,val_loss,val_accuracy
0,1.2925885915756226,0.5146067142486572,0.7469826936721802,0.5494505763053894
1,0.699688196182251,0.531460702419281,0.6658332943916321,0.5604395866394043
2,0.6661747694015503,0.6044943928718567,0.6279652118682861,0.593406617641449
3,0.6553007960319519,0.5910112261772156,0.6012135148048401,0.6373626589775085
4,0.6190333962440491,0.6685393452644348,0.5826833248138428,0.6703296899795532
5,0.6279684901237488,0.6404494643211365,0.5825296640396118,0.6593406796455383
6,0.5980451703071594,0.6752809286117554,0.5895707607269287,0.6373626589775085
7,0.5903397798538208,0.6932584047317505,0.5701583027839661,0.6703296899795532
8,0.5574983358383179,0.6988763809204102,0.5943370461463928,0.593406617641449
9,0.5617122054100037,0.7022472023963928,0.5186570286750793,0.7032967209815979
10,0.5417376756668091,0.7292134761810303,1.1083033084869385,0.4395604431629181
11,0.5160382390022278,0.7348314523696899,0.5096787810325623,0.7032967209815979
12,0.523903489112854,0.7404494285583496,0.5407256484031677,0.7252747416496277
13,0.47878777980804443,0.7674157023429871,0.5257608890533447,0.7142857313156128
14,0.4723547101020813,0.7764045000076294,0.5466936230659485,0.6483516693115234
15,0.4586060643196106,0.7842696905136108,0.6677892208099365,0.6483516693115234
16,0.46016910672187805,0.7640449404716492,0.6446287035942078,0.6153846383094788
17,0.449482262134552,0.7966291904449463,0.880010187625885,0.5274725556373596
18,0.43574225902557373,0.7910112142562866,0.7019888758659363,0.593406617641449
19,0.39143237471580505,0.8123595714569092,0.48110300302505493,0.7142857313156128
20,0.4060065448284149,0.8089887499809265,0.5034324526786804,0.7252747416496277
21,0.365624338388443,0.8449438214302063,0.7673059105873108,0.6373626589775085
22,0.42971372604370117,0.8134831190109253,0.5533552765846252,0.692307710647583
23,0.3543492257595062,0.833707869052887,0.5776796340942383,0.692307710647583
24,0.35706189274787903,0.8460674285888672,0.5498988628387451,0.7252747416496277
25,0.3301004469394684,0.8528090119361877,0.5451921820640564,0.7362637519836426
26,0.3404618203639984,0.8483145833015442,0.5110802054405212,0.6483516693115234
27,0.33131903409957886,0.8382022380828857,0.7472479939460754,0.6263736486434937
28,0.3142182528972626,0.8707864880561829,0.5106181502342224,0.7472527623176575
29,0.2771349847316742,0.8853932619094849,0.5119020938873291,0.7252747416496277
30,0.2706638276576996,0.8887640237808228,0.5192683935165405,0.7142857313156128
31,0.26721450686454773,0.882022500038147,0.5273301005363464,0.8021978139877319
32,0.29065462946891785,0.867415726184845,0.5708146691322327,0.6593406796455383
33,0.2392226755619049,0.9078651666641235,0.6962592601776123,0.7252747416496277
34,0.2741028964519501,0.8910112380981445,0.8057036399841309,0.6813187003135681
35,0.2373734563589096,0.8977528214454651,0.5445461869239807,0.7472527623176575
36,0.20568709075450897,0.9089887738227844,0.5463265776634216,0.7362637519836426
37,0.3109365701675415,0.8752809166908264,0.6197615265846252,0.7252747416496277
38,0.2006407529115677,0.9168539047241211,0.7107639312744141,0.7032967209815979
39,0.2127760797739029,0.9044944047927856,0.5305975079536438,0.7472527623176575
40,0.25441232323646545,0.8898876309394836,0.5429750084877014,0.7582417726516724
41,0.2509428560733795,0.8932584524154663,0.5866460204124451,0.7032967209815979
42,0.22862541675567627,0.9044944047927856,0.5884746313095093,0.7582417726516724
43,0.17613095045089722,0.9314606785774231,0.7006097435951233,0.6703296899795532
44,0.16436293721199036,0.934831440448761,0.596167802810669,0.8131868243217468
45,0.17148593068122864,0.9269663095474243,0.7016453742980957,0.7692307829856873
46,0.2145804613828659,0.915730357170105,0.4913721978664398,0.7802197933197021
47,0.1783180832862854,0.9202247262001038,0.6499133110046387,0.7362637519836426
48,0.17107649147510529,0.932584285736084,0.7545471787452698,0.6703296899795532
49,0.16948415338993073,0.934831440448761,0.6409341096878052,0.7142857313156128
