,loss,accuracy,val_loss,val_accuracy
0,1.0477876663208008,0.7149425148963928,0.49848082661628723,0.8100000023841858
1,0.5751159191131592,0.7298850417137146,0.4645625352859497,0.8100000023841858
2,0.5647867918014526,0.7310344576835632,0.4818517565727234,0.8100000023841858
3,0.5534476637840271,0.7379310131072998,0.6093716621398926,0.7300000190734863
4,0.5614557266235352,0.728735625743866,0.4554300010204315,0.8100000023841858
5,0.5470818281173706,0.7310344576835632,0.46515533328056335,0.8100000023841858
6,0.5373578667640686,0.7264367938041687,0.49859628081321716,0.8100000023841858
7,0.5387061238288879,0.7425287365913391,0.5079390406608582,0.8100000023841858
8,0.5390607714653015,0.7344827651977539,0.47178328037261963,0.8199999928474426
9,0.5256869196891785,0.7505747079849243,0.5025091767311096,0.8299999833106995
10,0.5212660431861877,0.7609195113182068,0.4636075496673584,0.800000011920929
11,0.5136703848838806,0.7505747079849243,0.4797407388687134,0.8299999833106995
12,0.5078293085098267,0.7563218474388123,0.46041199564933777,0.8199999928474426
13,0.5038161277770996,0.751724123954773,0.5962002277374268,0.7099999785423279
14,0.49026304483413696,0.7643678188323975,0.48807331919670105,0.8100000023841858
15,0.4688724875450134,0.771264374256134,0.5070158243179321,0.7900000214576721
16,0.48357245326042175,0.7701149582862854,0.4659743905067444,0.8199999928474426
17,0.4570678770542145,0.7816091775894165,0.5148512721061707,0.7599999904632568
18,0.47264528274536133,0.7643678188323975,0.4683259129524231,0.8199999928474426
19,0.46833139657974243,0.7793103456497192,0.5324493050575256,0.7400000095367432
20,0.46071138978004456,0.7689655423164368,0.44437819719314575,0.800000011920929
21,0.4478452503681183,0.7689655423164368,0.4800916910171509,0.800000011920929
22,0.42965662479400635,0.8045976758003235,0.5066536068916321,0.7900000214576721
23,0.44142988324165344,0.7965517044067383,0.46422919631004333,0.800000011920929
24,0.45561864972114563,0.7896551489830017,0.550061821937561,0.800000011920929
25,0.4062062203884125,0.817241370677948,0.567024290561676,0.7599999904632568
26,0.4120805859565735,0.8068965673446655,0.5215415358543396,0.7699999809265137
27,0.3990984559059143,0.8241379261016846,0.6165441274642944,0.7099999785423279
28,0.3917820453643799,0.8321838974952698,0.5504823327064514,0.7599999904632568
29,0.36890894174575806,0.8367816209793091,0.527728259563446,0.800000011920929
30,0.3973660171031952,0.8287356495857239,0.6960157752037048,0.6499999761581421
31,0.36405548453330994,0.840229868888855,0.6091771721839905,0.7200000286102295
32,0.3467054069042206,0.8551723957061768,0.5865436792373657,0.800000011920929
33,0.3229578137397766,0.8574712872505188,0.5869231224060059,0.800000011920929
34,0.34339991211891174,0.8390804529190063,0.5441532731056213,0.7400000095367432
35,0.3309299051761627,0.8505747318267822,0.6046348214149475,0.7699999809265137
36,0.3291082978248596,0.8689655065536499,0.6826503276824951,0.7099999785423279
37,0.3099782168865204,0.8666666746139526,0.5937349796295166,0.7799999713897705
38,0.3082900941371918,0.865517258644104,0.738386332988739,0.75
39,0.2849702537059784,0.8735632300376892,0.73235684633255,0.800000011920929
40,0.3142305016517639,0.8678160905838013,0.5511369109153748,0.800000011920929
41,0.2680748701095581,0.8850574493408203,1.4111422300338745,0.3499999940395355
42,0.3103512227535248,0.8839080333709717,0.5759103894233704,0.8299999833106995
43,0.29066112637519836,0.8735632300376892,0.48733600974082947,0.7799999713897705
44,0.23735788464546204,0.8988505601882935,0.7238764762878418,0.699999988079071
45,0.28563225269317627,0.8873563408851624,0.5949698090553284,0.8100000023841858
46,0.2884146273136139,0.8747126460075378,0.7046808004379272,0.7799999713897705
47,0.24732623994350433,0.8862069249153137,0.6995601654052734,0.8199999928474426
48,0.38576093316078186,0.834482729434967,0.6488533616065979,0.7599999904632568
49,0.2778792381286621,0.8919540047645569,0.7932758331298828,0.7200000286102295
